649
6850104
95307470969
176098506870135
6200428020603750957
25604660122022303460676
591067502540141051106740914
4980353054405000112076209510382
83305990729076802630585055709990466
271097702790634074805590770024003060464
7120548016304270781072801750791035906320627
37407510482030702550124021509670274035703990813
270098508120421053406170254078704090108026901060337
5540991028307990918045609180751053603610231054008710207
22708140774088806890797013805290171062406150683023701810399
619084104090526047109670348024804960652092405850727082806760666
1520313057203560462020606860951077504820851044009380132041503540497
95507400297091808270944052405740799062807260374070803370587093805500803
394013703350905076509290890025306240780085501660294071005890366019008130699
4040722029908930669094707610273024504930336074309430851011005950115032207370485
54101690529027706280160033907820321013705620823014902790718098409830329019101860282
383013108050115071203140952013402440225070809880255096202140600042205960631028205110129
4830112083909070799036107070123075502080661061301620460079601840101098603440445096003490193
90901870993071002310838088106870430031406020170020302900121011008630285062701380593014604900684
269084801660670035405500534019501010427033009740583059503340788017407260951010404830205026203410868
6400289066606490533020707230102041408520408019404590331031602130833083909830328019607320992077203700934
91908140556010504700824032601500809021301310984076908020365089204690465049108470719025305700868022007270253
429064009990558065703510592040205180399088307680945026404730871069003510878076805900378039904780187040903780930
1810433066901350531077007680103013301700908099302440539034109480873011803850587056508500236041402240380096801380604
87905710834042002750146061706920485045308630573067507490568056201030824045406390212085708020553085308950110081808190377
577067902680728024201630335041607250622063102990145063807720610075905390541083703820839061605130498031301780892034407530748
2150483016107950200047106930921033804860418012904680406011508720442015108520362049601270791046202450976070001860770080301190630
88103350738064504220495071308370618070206260940040506490780019205740253069608570757064404430982048102340800011403690175090804150624
474090601650265067808150616054608650464018502610344081203500636025606460697057906830376073009190661074004360278094004550840071309900257
9540125087603750173074407100752034208410818066801070464043602450504016308340241097907470639075502630922012107230902074805130698026902840543
19006600536027003710503051106770172067302710776067304050462010804480476061701370421094709700480088309000462052704840209085702390679064408580794
985087703260478078902400664092902830674026005970153025306420130059603740823044205440540053601180838057203710656036306200692044908180605063105970731
1690387031601800377021307170480091505120765099902660845015309540971090604420482093709720656031209690691091502910818026904280287066208250891011704780990
58501000644057509790620069503380937067008390340050705330253027603740717033201650306060905940914022403830969091905330734043106080145057105320915079602130968
854067605960856010007180136025208710670060603220464056504370574074506070242073405650537061003330748041405600136092109910369077407070174047109110491079909850789
9280576091906570988083302990173094001270328011608960109081001740118011407030978057801310833025307490273074102600898018105530211042908520361061502870882099309120674
23709920404011001710948048308620408035408550168058502020727041409610644078104560233078608670548079207070278054409730379017904030326094108270844058804250582083906790486
418022103730461067706400236051605870437052609930525021602590541033403230780034205950515062508210244015005550990010706970848040907430939069505900908089209840363027305670544
6180250038901000629060009320902066503990931055404560577051303780458076003160733079908900567024607490836081706230875010302220462091507720284026706280929090208410942079105200502
41901080513018709570523072008300910061003550949082304520298016105550355040602080847049302730989059005010196013707440191062202040381089101290514019901900472016503660112059709130652
784098207140753013901370950038309080619068608190640043505280565083801470315075707250968029907820667039405180483072302200589084902250732011109080590029003420793077406690411088307670213
5500906033306320589053701960728041601980820073501420720057303760264021301250232063305900720038302480168046807280434025207990409013704000919093505090677053003950546099408480297056104690402
15407180969064904350218018403890959076005060632060201940603057209370758082804840298017407060310015608590709036801420585064409690666040308280564015903380783098605710156084802690130018102250262
374051209340236035606740941099504670928067801750538065809150590016109210141053501740189029707090403085905870106051209300616014707430523093502990413027705830826051209860932051209810506025209670283
2720961064105520945080104050576040101760116061808980584086306580971097208480661034603640241023403840517034508680232072106980778086101320646064307410714075208450760011607250617025201230415014702060367
28303290323077901480105057602430899029208260621097506930226073403580354011405540810022205510215097306520217058808020726099301680363097002980536040408920494066102170432032009170119083406110969094202290317
118016206560671065804950242059202740667091107650618053001870426072008770830058502630620046603820787074803720508063508640411010601520210017209340390043708490787095901030179062605610340077408930468062503240208
1190175011706090572027704820938031209670180048004850508069206420714076705100262018902880225014703630131037907700351053906850266080503290259071706330437036409420777014407500777024505100197077608050577073304060465
74506720987065409610651023706520860034604740465014904440671055409150778095605350323017903720863045503110257034606970739064601720413075601760381086104660365023701940476055505420291042205510894082108230795086101380365
854026601670297031108160715014808500538032704100494066702650470035708180343078803120425085501500559074804640234046806610301023601120899054303800380090001460723084209590508016806660686064408220113095305430134053105650734
4410215077206300857082808040984068407980501049008490206015905750304075908380922038502790301082809700465067802200899061704230169034806860939075504510842045304980778071404150646044202220200064706780432059803210635073404650366
30301690357077709080673058207850629073604980172022404950586087402540628010504220648088909990629073303640716080407330919082708300902085505420666066508580831049804270194099807310418069507100999042903210993022203210858081909380522
829082703400728033404930661064602080102089401890423015701640806016604220601012303090341076105860642033607010282065908440922021004270582097702610648020702540824086905180866052309770824067305710652097302680465032602400367038307510420
1300358076209780127083006770801068402440195099206360894089305240778025705150402080309210453071504180246046207570779035001620649031107330706081304970319038205810447055703720333041507650563011005930425027508820137037306290899084806100518
62006820562059406490375068404690402083202310226054602090507037208230627084101540559027302430621081802390149061909690361073301310578051604990231071004460541083605290569086607920700074408040977075705740980029507890772040306670379038601230869
701072005540786074307970438064005320868062002420540067604440425032202710341019702870678014106900724068202840606044908430182081706300286038602860282023508760980017102150950067805650887060208940615045703000193075006820660043107230379068106500173
9490210023305500507064005450580087704530503020904750740055405700183055908120451036408210366012504310554055503320872055006510200019504030674036701650544016506490937048805930946029403380911012904710182015704880573036403690274053102860705081008170240
56506690983099205920506020105220268020201110600044801090354025403090721032904280295011406370942069001810689065506600553014005000119013702390244045508600668012806120331051907270536072205190151071001900327010104520874073908300928053501520267088006060241
671023203400993098502220749094906340316062605650927048805360114095009260196020301270229072708150102089005000895016806030585087402430724012002560781032708520160041104910326012004040376086205150484084907890819012309060666028201230149015302400901033409250892
7220454017008020204068809090451024105150641030908180366022307450429029607820634049105510450055806380623078707980321013106310767061605280130037801540150066102770177073506010932018904200665052408910707094606010253074302170124083503900337032305090760041207830133
57606080269025004200422068404550722086605240532023903280347077407920119013403130288025805330702050809410533046302630180032507560728076202780763014804540500099205580523045709780983077704740350095703820736049201940202093702170981088304610488096802280255097706010544
138035907910501092605120191048201260580087804360149063705380486039205420182098502510661092903230426030405800182064604190198034507570356086504190785059107620215081409560434026202470118075803890763029405090845022204850338081504410207065309910249031202830705019805630813
9260766065505420174011309470910082703560178031201270673063208340857050108540417029302330697018507430110082903410744081202250481069104510503017901460224013901960907094106830796042407920343062808120969023008110759078203490754015601920825054702800228038907240664050802670380
10401240307017307660511064601770555035501850859095702290619092205190880022705620258057205680418054404830205055503710799033204490715037908400469050902350898089609690314083701320625057006320495069408480787072003400880048607310389045902170582018504520820043902960797057107530313
289071406170946013905880957075209190732077008660506096504290663061705640109053202380219050001470191078904330414011307300218042105250159019607390319024804190325022002000982024101380747035402750400086606290276096302120243031506960998041905020198077208920292016907130779029907420509
8490286032304400648069802310201088506270228085007360834019809390460088004690418081405680247011109400255082609320205018109690791034007010300030603390932092704080989043405080206096207880637019902210756065703420883091707070804066608660388047907840672051606080144018105400932078605100861
81201120784097203980940034904560145049102390923035402590950058302780463050802830230060802400293057505200649029205570411080701410964083003010954064004040329010905020391098201500284077907200734041804510829092604960273084109320691038903980860039704390555081309420108059203190488047607050851
741062802100736094001780186059706020931084109340731072106080301088202400145068802080135072206000844085603940470082003300710069003400110096309010460092609960148071603820105061109600188092607990268055408350297093805160332046207060341059603360227078406190834050003540499076506750104072307700996
8470385058709600399082108870579040309390939016301640301083409060353058109990805077201160346028902830920069002820563093306630834081708270663065609750405057102530581056203340249052908600107059407700328038605420895079101710595034002410245077305670332075604200797052007050339061607650991097905310659
48008280438063108570125073206300483021206750347024806830512071705980165012707830776058004550551089004870218059701710378044605710792095608270346012207760214063907200220049804610544033404250386055507810141022207710453015506380315030106420939089306400113060904660185064909340322034807910797014209530668
516035803130240030408670499096307940970052301680287041109000688043804140201081803150126063206550920088401670259053804950684059304910555078001680160039605590493093402060423067102370383020904310140089908750956069003750905082204580995084702300215081702510798036502590565053305300117068305580412043504460919
9740535054501050747046305030179073306190586042302130948081604790488033602550570013405720642086802100344068502790901044308960650092805550702061404460278020401560137068307240456061606560971027305200234033904730393071401940687090602320359061107610994064903840843017708300560071508970685068506010873046708770663
63205700893028004600560035902860328028806370326061904360447014306330839057403270512094608490544084806430946023006180295038403450697090606760912013506110611061707340821031606870724060507420915091306440696098909070175078906690980064109990531024009080445080906360376057804780136096007320789016406530123083706710754
975069006360578094205320865041101990698065908550894015909560299019909600135019308250193024409800139035703480901034702560928048605060968073704220245031604060576071507930843026805760703078907770171037009930481065807200349016003840643015202230241053302850808076004010376070608520450094603090301063207910998043504550250
5740604097007260366039605790454097706860868010009420866046809010601057207860556082806150481049803900457087408400429028405640529033601240291044908010702061609840808093508570261066702030967060004140518076005690433057105530286045903600812060005010643069806180119021309010208099007320336069506730440078905650676023806890331
64007170815017906220904049805010855018001520372018303510642064904270771029207540374069209610738011408970936090903150237088605290659091507080332053806150516097309170448034206800573089904260605067808970276017403020668021504440167037802080396038507760860033308680475053809640699013905480304049201490591060704800142066504980976
559093702870860023006510858013807620877033804430602048401110652030201360866019106010786094202830332050004440203036105240465095701040647081708760132020409860229098905820754015202250626053708140344047901530470032306990825092508190885050509760840028109760968039101420902028708530990098403960113045608950354097405690352055006320583
8100361096501080522046908830851099601000925059905610920046304810644074507180151086709530742035108140840044907600689057508130979098005950399078208320219011605130545066405230197054608220458017705020241084205570268087102920577066704900985044609180782081206340137019602150714042705250787041107840855074003380542033006720860071807680834
70309690123080808360222047506490142067406130537078102700602051708110519032604870370068703830708019209730421029701870723032206030510070003830117092003950889077503130103085606450815085903380325065704020382056005070533027108140864033601840170033004180948071801850571041901120885066409350508072308500470085909350294077806120397023005730648
270036204590571029505970285061305400192047304270506077502290654027402620781043803100156089001290454028806060132034909430453068107230330016502550333016809430959060508700293040003870516092808450364074502160129016308400457097906660406087103050769038904800903051306320102051707100158038103570942040607720308072804540658053904140668093304070856
1580536080008040582067707020312010906310691044201990157058208020577071806460668052907900282050003480414011507740343088003960124074707020529065501350395035206880888080005030705033702260852015003500250027608070584042703070442082108490330035306740182051807450140053706540325053808710231036404020514055502310948052303740179075205790746026101820934
72408270914039805580532045208520472044509000575090408140136083301690431091004970845021506490390013402810263065105020366058404690665059003180376013809710677091806350435049001950405075605370771015105200205084302440326037503470855028807730433016401620779010805090764074203290162087005080158011201100899078907390302049002760593086002850861041508020324
718075405970477082704270650059101390443081603940427075105490300059503430475013208670783014802490841052107160429047709280439050207600858090907690165055002550116067301180340026602870927063505590585068803160936031907160367048109420721039107380209029701120832088808840609018304660523018905270264075903290815054806270403077709260836092804790472046003040293
1230678048704150181096907450964045202260972084808890735069101580558057409380587096003130434016803900658078003900309098805240999087402830578095204020942053802750423080301190981077504100335097104080883037203510632067209180939046608660589033003390622050403570471068904930825085106620685070007820113014807540509093304770257060304620815096502210263044309480447
59408990278042803540634047909820853065806440674085306190192086503460201060205190644062603630310080307660942065309280737054809160910049804660986078404220440032303350346042405410750039407700663052203400679063305840543066504720387085404850186022903400331010504930788052301570545040804380399054704260452021205180704029906770737071406240615012908760435079706070929
688025604610473051903560310097702680491078407570885092502220426062105570776070107550855046904720717083107900669071202850750095403450538058901500387026602040996048409880139041408090177042602440102043308450256087401030402073405330804097505810996058706230111015303290528030903060201063209030326058002750511049002210486054502920532067203530655095309890457034707940620
9100453074204330833059603700911037106560600027707660496041203430385099801980251082006170344074305670361025706220512037607040346012807200699077209610888039403170709060605990440020304110568068809320538022604490463011008880129073902780886021006030829036905280894043901180893052008180882088403430502099109920823054602950745073504870703015601200247040209300209042806180807
90806700460070004230370080506380507086905260615093304360516093301920777038503580167018805680438037005610449065109090837060502750856025802350800060508340376062709940157040104410150038907700139024604480826097701550589036901240175041506820430091306310650045605190234065802780668075406510790094101310624031702260929073208670409049707170161098509870394082801110256069006420583
877053209370415095108790202035809900269013107450560036101400883015606980516048106040641084503220980053301990505060902100415064909280357010903170846021801340635097807420108017803590678098202690480063508220691050209890689060702590121090708820453057702230490027502420557041407310778064103420312085909950940056407060580095607140214081308780584013406560757087103930774076205030641
7820844039807520648062401590620089307860476034006490936016901020448084203440378094109260938020901610333010706190829020404320272094304700895062909140623057606970587044807030145086905870470046403230263029904590838066101020153025808200942094503610997060905700976071603970795035303210486074204670829078709660777068806930549075708810985036608200922046002270647055906650925071502320957
93408160526013208340654049905210719019906360661065507070153018208320204017309220695086103110460043509440301013706850976096403870806079805680614056208290647043409250344026402430705055508810197061408250164086006040238075804460307015207460172051501260728071004480652066004830242023109690971028206160958050604520936070006180299017303120355096904770846035901270905061301290179023201360104
438032701820432075302410713049001000893031105580461067305960360085406860246069405760324010602940391032103600419062706350159083909380423011506170572055309080441094001150636048901430961024701350136045103720289038704160736046708750584074302330541057503760832060208100674096504010758094305800466086205710436074703490973038604530242079508700906041608420233073507170809019603930285069507450447
6050409050407320102083303110398041503750703097403620553084608180489023704700829077502940959079403220760036601060611028709430144048202290963076903300339085403030995019007310241063801260967018404950692072406830155018004050372032903860717034205570776042802270769066904780334036205650321086505570999038708180195015802840803055706900653043203140749022103260489069602530857071105570217066404490817
23609570236064901260380021004020755074809590865021608190255082909030192037203870386087106030455098708700975044701500452073007640789065707170142092302140631037501290513027102120715056304020965051102790382041704030118055404420600073204220702097108430537029705320701022501380414035508460434018708350629038007390973033308870911071207320626092704410755098501670289030103450431053008420839062604150294
387050104020206036803230549096308850498054807770436020407360645038801000970018202730254094209240417058806390121083509370587082806790393036203190818036504190708034104360525097607520260077001190808053701940510074506250903017901340959026508520243068303020845024202030332088701660177058303960624047507980379071104100462054901050988086406000290020008340985044706110331090005940124098409640535087006380861